(10000, 9, 5020, 5031, 5042, 5053)
(10001, 9, 5039, 5028, 5017, 5006, 5001)
(10002, 9, 5023, 5024, 5025, 5031, 5042, 5053)
(10003, 9, 5050, 5039, 5028, 5022)
(10004, 9, 5003, 5009, 5020, 5031)
(10005, 5, 5040, 5029, 5018, 5007, 5002, 5003)
(10006, 9, 5028, 5039, 5050)
(10007, 13, 5012, 5013, 5014, 5015, 5021, 5032, 5043)
(10008, 9, 5003, 5002, 5001, 5006, 5017, 5028, 5039)
(10009, 13, 5050, 5039, 5028, 5017, 5012, 5013, 5014, 5015)
(10010, 9, 5002, 5001, 5000, 5005, 5016, 5027, 5038, 5049)
(10011, 13, 5043, 5032, 5021, 5010, 5004, 5003, 5002)
(10012, 6, 5040, 5029, 5018, 5007, 5001)
(10013, 6, 5052, 5041, 5030, 5019, 5013, 5012, 5011)
(10014, 6, 5019, 5030, 5041, 5052)
(10015, 14, 5028, 5017, 5006, 5000)
(10016, 14, 5031, 5020, 5009, 5003, 5002)
(10017, 14, 5049, 5038, 5027, 5016, 5011, 5012, 5013, 5014)
(10018, 10, 5023, 5024, 5025, 5026, 5032, 5043, 5054)
(10019, 6, 5025, 5026, 5032, 5043, 5054)
(10020, 10, 5043, 5032, 5021, 5010, 5004, 5003)
(10021, 14, 5050, 5039, 5028, 5017, 5006, 5001, 5002)
(10022, 6, 5032, 5043, 5054)
(10023, 14, 5051, 5040, 5029, 5018, 5007, 5001, 5000)
(10024, 7, 5050, 5039, 5028, 5017, 5012, 5013, 5014, 5015)
(10025, 7, 5027, 5016, 5005)
(10026, 7, 5054, 5043, 5032)
(10027, 7, 5039, 5028, 5017)
(10028, 11, 5040, 5029, 5018, 5007, 5002)
(10029, 7, 5049, 5038, 5027, 5016, 5011, 5012, 5013, 5014)
(10030, 15, 5011, 5012, 5013, 5014, 5015, 5021, 5032, 5043, 5054)
(10031, 7, 5027, 5016, 5005)
(10032, 7, 5038, 5027, 5016, 5005, 5000)
(10033, 7, 5030, 5019, 5008)
(10034, 11, 5031, 5042, 5053)
(10035, 7, 5054, 5043, 5032, 5021)
(10036, 16, 5026, 5032, 5043, 5054)
(10037, 16, 5031, 5020, 5009, 5003)
(10038, 8, 5012, 5013, 5019, 5030, 5041, 5052)
(10039, 16, 5013, 5012, 5017, 5028, 5039, 5050)
(10040, 12, 5032, 5043, 5054)
(10041, 12, 5014, 5019, 5030, 5041, 5052)
(10042, 8, 5011, 5012, 5013, 5014, 5015, 5021, 5032, 5043)
(10043, 8, 5013, 5014, 5020, 5031, 5042, 5053)
(10044, 12, 5049, 5038, 5027, 5016, 5005, 5000, 5001, 5002, 5003)
(10045, 8, 5032, 5043, 5054)
(10046, 8, 5023, 5024, 5025, 5031, 5042, 5053)
(10047, 16, 5012, 5013, 5014, 5015, 5021, 5032, 5043)
(10048, 17, 5014, 5020, 5031, 5042, 5053)
(10049, 17, 5039, 5028, 5017, 5006, 5001, 5002, 5003, 5004)
(10050, 17, 5041, 5030, 5019, 5008, 5002)
(10051, 13, 5016, 5027, 5038, 5049)
(10052, 13, 5031, 5042, 5053)
(10053, 9, 5001, 5007, 5018, 5029)
(10054, 13, 5027, 5016, 5005)
(10055, 9, 5049, 5038, 5027, 5016, 5005)
(10056, 17, 5010, 5021, 5032, 5043)
(10057, 13, 5032, 5021, 5010, 5004, 5003, 5002)
(10058, 13, 5012, 5013, 5019, 5030, 5041, 5052)
(10059, 9, 5052, 5041, 5030, 5019, 5008, 5002, 5001)
(10060, 10, 5051, 5040, 5029, 5018, 5007, 5002, 5003, 5004)
(10061, 18, 5004, 5010, 5021, 5032, 5043, 5054)
(10062, 18, 5003, 5002, 5001, 5000, 5005, 5016, 5027, 5038)
(10063, 14, 5027, 5016, 5005)
(10064, 14, 5040, 5029, 5018, 5012)
(10065, 18, 5027, 5038, 5049)
(10066, 14, 5050, 5039, 5028, 5017, 5012, 5013, 5014, 5015)
(10067, 10, 5042, 5031, 5020, 5009, 5003, 5002, 5001, 5000)
(10068, 14, 5042, 5031, 5020, 5014, 5013, 5012, 5011)
(10069, 10, 5038, 5027, 5016, 5005, 5000, 5001, 5002, 5003)
(10070, 18, 5028, 5017, 5006, 5000)
(10071, 18, 5049, 5038, 5027, 5016, 5011, 5012, 5013)
(10072, 11, 5012, 5018, 5029, 5040)
(10073, 19, 5000, 5001, 5002, 5003, 5009, 5020, 5031, 5042)
(10074, 19, 5030, 5019, 5008, 5002, 5001)
(10075, 19, 5031, 5020, 5009, 5003, 5002)
(10076, 19, 5028, 5017, 5006)
(10077, 11, 5042, 5031, 5020, 5009, 5003, 5002, 5001)
(10078, 19, 5003, 5004, 5010, 5021, 5032, 5043)
(10079, 19, 5029, 5040, 5051)
(10080, 15, 5050, 5039, 5028, 5017, 5006, 5000)
(10081, 15, 5053, 5042, 5031, 5025, 5024, 5023, 5022)
(10082, 19, 5022, 5023, 5024, 5025, 5031, 5042, 5053)
(10083, 15, 5053, 5042, 5031, 5020, 5014)
(10084, 12, 5002, 5003, 5004, 5010, 5021, 5032, 5043, 5054)
(10085, 12, 5025, 5031, 5042, 5053)
(10086, 20, 5039, 5028, 5017)
(10087, 16, 5014, 5015, 5021, 5032, 5043, 5054)
(10088, 16, 5021, 5032, 5043)
(10089, 12, 5039, 5028, 5017, 5006, 5001)
(10090, 20, 5025, 5026, 5032, 5043, 5054)
(10091, 12, 5043, 5032, 5021, 5015, 5014)
(10092, 20, 5004, 5003, 5002, 5001, 5000, 5005, 5016, 5027, 5038, 5049)
(10093, 16, 5015, 5014, 5013, 5012, 5017, 5028, 5039, 5050)
(10094, 12, 5041, 5030, 5019, 5008, 5002, 5001, 5000)
(10095, 20, 5049, 5038, 5027, 5016, 5011, 5012, 5013, 5014, 5015)
(10096, 17, 5040, 5029, 5018, 5007, 5002, 5003, 5004)
(10097, 21, 5032, 5043, 5054)
(10098, 13, 5051, 5040, 5029, 5018, 5007, 5002)
(10099, 21, 5017, 5028, 5039)
(10100, 17, 5012, 5018, 5029, 5040)
(10101, 17, 5052, 5041, 5030, 5019, 5008, 5002)
(10102, 13, 5024, 5025, 5031, 5042, 5053)
(10103, 13, 5030, 5019, 5008, 5002, 5001)
(10104, 17, 5050, 5039, 5028, 5017, 5006, 5001, 5002, 5003, 5004)
(10105, 17, 5054, 5043, 5032, 5021, 5015, 5014)
(10106, 13, 5011, 5012, 5013, 5019, 5030, 5041, 5052)
(10107, 13, 5027, 5016, 5005)
(10108, 22, 5050, 5039, 5028)
(10109, 18, 5040, 5029, 5018)
(10110, 18, 5012, 5013, 5019, 5030, 5041, 5052)
(10111, 14, 5051, 5040, 5029, 5023)
(10112, 18, 5000, 5001, 5002, 5003, 5009, 5020, 5031)
(10113, 14, 5017, 5028, 5039, 5050)
(10114, 18, 5049, 5038, 5027, 5016, 5011, 5012)
(10115, 18, 5050, 5039, 5028, 5017, 5006, 5001)
(10116, 14, 5025, 5031, 5042, 5053)
(10117, 18, 5015, 5020, 5031, 5042, 5053)
(10118, 18, 5014, 5015, 5021, 5032, 5043)
(10119, 14, 5011, 5012, 5013, 5019, 5030, 5041, 5052)
(10120, 19, 5054, 5043, 5032, 5021, 5015, 5014, 5013, 5012)
(10121, 23, 5029, 5018, 5007, 5001, 5000)
(10122, 15, 5003, 5008, 5019, 5030, 5041)
(10123, 15, 5051, 5040, 5029, 5018, 5007, 5001, 5000)
(10124, 15, 5004, 5009, 5020, 5031, 5042, 5053)
(10125, 23, 5004, 5009, 5020, 5031, 5042)
(10126, 19, 5004, 5010, 5021, 5032, 5043, 5054)
(10127, 23, 5004, 5003, 5002, 5001, 5000, 5005, 5016, 5027, 5038, 5049)
(10128, 23, 5012, 5013, 5014, 5020, 5031, 5042, 5053)
(10129, 23, 5027, 5016, 5005)
(10130, 23, 5038, 5027, 5016)
(10131, 19, 5041, 5030, 5019, 5013)
(10132, 24, 5030, 5041, 5052)
(10133, 20, 5012, 5013, 5014, 5015, 5021, 5032, 5043)
(10134, 20, 5000, 5005, 5016, 5027, 5038, 5049)
(10135, 20, 5032, 5043, 5054)
(10136, 20, 5004, 5003, 5008, 5019, 5030, 5041)
(10137, 24, 5015, 5014, 5019, 5030, 5041, 5052)
(10138, 16, 5031, 5020, 5009, 5003, 5002, 5001, 5000)
(10139, 20, 5051, 5040, 5029)
(10140, 24, 5050, 5039, 5028, 5017, 5006, 5001, 5002, 5003, 5004)
(10141, 20, 5043, 5032, 5021, 5010, 5004)
(10142, 20, 5011, 5017, 5028, 5039)
(10143, 16, 5001, 5006, 5017, 5028, 5039, 5050)
(10144, 21, 5030, 5019, 5008)
(10145, 17, 5016, 5027, 5038, 5049)
(10146, 17, 5054, 5043, 5032, 5026, 5025, 5024, 5023, 5022)
(10147, 25, 5027, 5038, 5049)
(10148, 21, 5026, 5032, 5043, 5054)
(10149, 17, 5029, 5018, 5007, 5001)
(10150, 21, 5041, 5030, 5019, 5008, 5003, 5004)
(10151, 17, 5049, 5038, 5027, 5016)
(10152, 21, 5002, 5008, 5019, 5030, 5041, 5052)
(10153, 21, 5042, 5031, 5020, 5014, 5013, 5012)
(10154, 25, 5053, 5042, 5031)
(10155, 21, 5052, 5041, 5030, 5019, 5008)
(10156, 18, 5032, 5043, 5054)
(10157, 26, 5027, 5016, 5005)
(10158, 18, 5031, 5042, 5053)
(10159, 26, 5014, 5013, 5018, 5029, 5040, 5051)
(10160, 26, 5051, 5040, 5029, 5018, 5007, 5002)
(10161, 26, 5013, 5012, 5011, 5016, 5027, 5038, 5049)
(10162, 22, 5003, 5008, 5019, 5030, 5041)
(10163, 18, 5026, 5032, 5043, 5054)
(10164, 18, 5031, 5042, 5053)
(10165, 22, 5010, 5021, 5032, 5043)
(10166, 18, 5049, 5038, 5027, 5016, 5005, 5000, 5001, 5002, 5003, 5004)
(10167, 22, 5027, 5016, 5005)
(10168, 27, 5027, 5016, 5005)
(10169, 27, 5003, 5004, 5010, 5021, 5032, 5043)
(10170, 19, 5024, 5025, 5031, 5042, 5053)
(10171, 27, 5023, 5024, 5025, 5026, 5032, 5043, 5054)
(10172, 19, 5018, 5029, 5040)
(10173, 19, 5012, 5013, 5014, 5015, 5021, 5032, 5043, 5054)
(10174, 27, 5004, 5003, 5002, 5001, 5000, 5005, 5016, 5027, 5038, 5049)
(10175, 23, 5023, 5024, 5030, 5041, 5052)
(10176, 23, 5015, 5014, 5013, 5018, 5029, 5040, 5051)
(10177, 19, 5052, 5041, 5030, 5019, 5008, 5002)
(10178, 19, 5038, 5027, 5016, 5005, 5000, 5001, 5002, 5003, 5004)
(10179, 23, 5030, 5019, 5008, 5002)
(10180, 24, 5024, 5025, 5026, 5032, 5043, 5054)
(10181, 24, 5043, 5032, 5021)
(10182, 20, 5002, 5003, 5009, 5020, 5031, 5042, 5053)
(10183, 20, 5004, 5003, 5002, 5001, 5000, 5005, 5016, 5027, 5038, 5049)
(10184, 20, 5011, 5012, 5013, 5014, 5020, 5031, 5042)
(10185, 28, 5014, 5020, 5031, 5042, 5053)
(10186, 28, 5053, 5042, 5031, 5020, 5015)
(10187, 28, 5042, 5031, 5020, 5009, 5003)
(10188, 24, 5022, 5028, 5039, 5050)
(10189, 24, 5028, 5017, 5006)
(10190, 24, 5043, 5032, 5021, 5010, 5004, 5003)
(10191, 24, 5021, 5032, 5043)
(10192, 29, 5015, 5021, 5032, 5043)
(10193, 29, 5002, 5007, 5018, 5029, 5040)
(10194, 29, 5003, 5002, 5001, 5000, 5005, 5016, 5027, 5038, 5049)
(10195, 21, 5042, 5031, 5020, 5014, 5013, 5012, 5011)
(10196, 29, 5038, 5027, 5016, 5005, 5000)
(10197, 29, 5039, 5028, 5017, 5006, 5000)
(10198, 21, 5014, 5015, 5021, 5032, 5043, 5054)
(10199, 21, 5027, 5016, 5005)
(10200, 29, 5011, 5012, 5018, 5029, 5040)
(10201, 21, 5052, 5041, 5030, 5019, 5014)
(10202, 25, 5030, 5019, 5008)
(10203, 29, 5025, 5031, 5042, 5053)
(10204, 22, 5041, 5030, 5019, 5008)
(10205, 26, 5027, 5016, 5005)
(10206, 30, 5054, 5043, 5032, 5026, 5025, 5024, 5023, 5022)
(10207, 22, 5004, 5009, 5020, 5031, 5042)
(10208, 22, 5014, 5020, 5031, 5042)
(10209, 26, 5027, 5016, 5005)
(10210, 22, 5027, 5016, 5005)
(10211, 30, 5028, 5017, 5006)
(10212, 26, 5002, 5003, 5004, 5010, 5021, 5032, 5043)
(10213, 26, 5050, 5039, 5028, 5017, 5012)
(10214, 30, 5026, 5032, 5043, 5054)
(10215, 22, 5001, 5002, 5003, 5004, 5010, 5021, 5032, 5043, 5054)
(10216, 23, 5031, 5042, 5053)
(10217, 23, 5032, 5043, 5054)
(10218, 23, 5011, 5016, 5027, 5038, 5049)
(10219, 31, 5030, 5019, 5008, 5002, 5001)
(10220, 27, 5001, 5007, 5018, 5029, 5040, 5051)
(10221, 31, 5028, 5017, 5006, 5000)
(10222, 23, 5043, 5032, 5021, 5010, 5004, 5003, 5002, 5001)
(10223, 31, 5041, 5030, 5019, 5008, 5003)
(10224, 23, 5004, 5003, 5002, 5007, 5018, 5029, 5040)
(10225, 27, 5038, 5027, 5016, 5005, 5000)
(10226, 27, 5023, 5024, 5025, 5026, 5032, 5043, 5054)
(10227, 27, 5027, 5016, 5005)
(10228, 28, 5003, 5009, 5020, 5031)
(10229, 32, 5053, 5042, 5031, 5025)
(10230, 24, 5043, 5032, 5021, 5015, 5014, 5013, 5012, 5011)
(10231, 24, 5042, 5031, 5020, 5009, 5004)
(10232, 28, 5032, 5043, 5054)
(10233, 32, 5012, 5011, 5016, 5027, 5038, 5049)
(10234, 24, 5012, 5018, 5029, 5040, 5051)
(10235, 32, 5002, 5001, 5000, 5005, 5016, 5027, 5038, 5049)
(10236, 32, 5021, 5032, 5043)
(10237, 32, 5028, 5017, 5006, 5000)
(10238, 28, 5001, 5002, 5003, 5004, 5010, 5021, 5032, 5043)
(10239, 28, 5041, 5030, 5019)
(10240, 33, 5017, 5028, 5039, 5050)
(10241, 29, 5031, 5020, 5009)
(10242, 25, 5043, 5032, 5021, 5015, 5014, 5013)
(10243, 33, 5030, 5019, 5008)
(10244, 29, 5021, 5032, 5043, 5054)
(10245, 25, 5031, 5020, 5009, 5003, 5002, 5001, 5000)
(10246, 25, 5024, 5025, 5031, 5042, 5053)
(10247, 29, 5032, 5021, 5010, 5004)
(10248, 29, 5025, 5026, 5032, 5043, 5054)
(10249, 25, 5015, 5014, 5013, 5012, 5017, 5028, 5039, 5050)
(10250, 29, 5043, 5032, 5021, 5015, 5014, 5013, 5012)
(10251, 33, 5028, 5017, 5006, 5000)
(10252, 26, 5054, 5043, 5032, 5026, 5025)
(10253, 30, 5041, 5030, 5019, 5008, 5002)
(10254, 26, 5024, 5030, 5041, 5052)
(10255, 34, 5041, 5030, 5019, 5008, 5002, 5001)
(10256, 26, 5000, 5001, 5002, 5008, 5019, 5030, 5041)
(10257, 34, 5029, 5018, 5007, 5001, 5000)
(10258, 30, 5032, 5021, 5010, 5004)
(10259, 30, 5011, 5012, 5013, 5019, 5030, 5041, 5052)
(10260, 26, 5013, 5019, 5030, 5041, 5052)
(10261, 34, 5002, 5001, 5000, 5005, 5016, 5027, 5038, 5049)
(10262, 26, 5010, 5021, 5032)
(10263, 26, 5015, 5014, 5013, 5012, 5017, 5028, 5039, 5050)
(10264, 31, 5051, 5040, 5029, 5018, 5007, 5001, 5000)
(10265, 35, 5053, 5042, 5031, 5020, 5009, 5003, 5002, 5001)
(10266, 31, 5013, 5018, 5029, 5040, 5051)
(10267, 35, 5041, 5030, 5019, 5013, 5012, 5011)
(10268, 35, 5027, 5016, 5005)
(10269, 31, 5049, 5038, 5027, 5016, 5005, 5000, 5001, 5002, 5003)
(10270, 31, 5052, 5041, 5030)
(10271, 35, 5032, 5021, 5010, 5004, 5003)
(10272, 27, 5038, 5027, 5016, 5005, 5000, 5001, 5002, 5003)
(10273, 31, 5013, 5019, 5030, 5041, 5052)
(10274, 27, 5022, 5023, 5024, 5025, 5026, 5032, 5043, 5054)
(10275, 35, 5015, 5014, 5019, 5030, 5041, 5052)
(10276, 28, 5002, 5003, 5004, 5010, 5021, 5032)
(10277, 36, 5013, 5012, 5011, 5016, 5027, 5038, 5049)
(10278, 28, 5031, 5020, 5009, 5003, 5002)
(10279, 36, 5030, 5019, 5008, 5002, 5001)
(10280, 28, 5041, 5030, 5019, 5008, 5002, 5001)
(10281, 32, 5029, 5040, 5051)
(10282, 36, 5049, 5038, 5027, 5016, 5005, 5000, 5001)
(10283, 36, 5032, 5043, 5054)
(10284, 28, 5052, 5041, 5030)
(10285, 32, 5000, 5001, 5007, 5018, 5029, 5040, 5051)
(10286, 32, 5054, 5043, 5032, 5021, 5010, 5004)
(10287, 32, 5011, 5012, 5013, 5014, 5020, 5031, 5042)
(10288, 37, 5032, 5043, 5054)
(10289, 33, 5042, 5031, 5020, 5014, 5013)
(10290, 29, 5032, 5043, 5054)
(10291, 33, 5053, 5042, 5031, 5025, 5024)
(10292, 37, 5001, 5002, 5008, 5019, 5030)
(10293, 29, 5024, 5025, 5031, 5042, 5053)
(10294, 37, 5013, 5019, 5030, 5041, 5052)
(10295, 33, 5052, 5041, 5030, 5019)
(10296, 29, 5011, 5017, 5028, 5039, 5050)
(10297, 37, 5024, 5030, 5041, 5052)
(10298, 29, 5002, 5003, 5004, 5010, 5021, 5032, 5043)
(10299, 33, 5002, 5003, 5009, 5020, 5031, 5042, 5053)
(10300, 34, 5026, 5032, 5043, 5054)
(10301, 38, 5012, 5018, 5029, 5040, 5051)
(10302, 34, 5024, 5025, 5031, 5042, 5053)
(10303, 30, 5030, 5019, 5008, 5002, 5001, 5000)
(10304, 38, 5052, 5041, 5030, 5019, 5014)
(10305, 34, 5022, 5023, 5024, 5030, 5041, 5052)
(10306, 34, 5029, 5018, 5007, 5001, 5000)
(10307, 30, 5050, 5039, 5028)
(10308, 30, 5032, 5043, 5054)
(10309, 30, 5029, 5018, 5007, 5001)
(10310, 30, 5027, 5016, 5005)
(10311, 30, 5028, 5017, 5006)
(10312, 35, 5004, 5003, 5008, 5019, 5030, 5041, 5052)
(10313, 39, 5029, 5018, 5007)
(10314, 31, 5000, 5001, 5002, 5003, 5004, 5010, 5021, 5032, 5043)
(10315, 39, 5043, 5032, 5021, 5010, 5004)
(10316, 31, 5030, 5019, 5008, 5002, 5001, 5000)
(10317, 39, 5010, 5021, 5032)
(10318, 39, 5015, 5014, 5013, 5012, 5011, 5016, 5027, 5038, 5049)
(10319, 31, 5040, 5029, 5018, 5007, 5002)
(10320, 31, 5040, 5029, 5018, 5007, 5001, 5000)
(10321, 35, 5020, 5031, 5042)
(10322, 35, 5051, 5040, 5029, 5023, 5022)
(10323, 35, 5018, 5029, 5040, 5051)
(10324, 40, 5049, 5038, 5027, 5016, 5011, 5012, 5013)
(10325, 40, 5014, 5020, 5031, 5042, 5053)
(10326, 32, 5016, 5027, 5038, 5049)
(10327, 40, 5020, 5031, 5042, 5053)
(10328, 32, 5029, 5018, 5007)
(10329, 36, 5019, 5030, 5041)
(10330, 40, 5011, 5012, 5013, 5014, 5020, 5031, 5042)
(10331, 36, 5054, 5043, 5032, 5021)
(10332, 40, 5051, 5040, 5029, 5018, 5012)
(10333, 40, 5015, 5021, 5032, 5043)
(10334, 32, 5014, 5015, 5021, 5032, 5043, 5054)
(10335, 40, 5001, 5002, 5008, 5019, 5030)
(10336, 33, 5027, 5016, 5005)
(10337, 41, 5002, 5003, 5009, 5020, 5031, 5042, 5053)
(10338, 33, 5010, 5021, 5032)
(10339, 37, 5038, 5027, 5016, 5005, 5000)
(10340, 33, 5013, 5012, 5017, 5028, 5039, 5050)
(10341, 33, 5027, 5038, 5049)
(10342, 37, 5030, 5019, 5008, 5002, 5001)
(10343, 37, 5043, 5032, 5021, 5015)
(10344, 37, 5051, 5040, 5029, 5018, 5007)
(10345, 33, 5043, 5032, 5021, 5015)
(10346, 37, 5032, 5043, 5054)
(10347, 33, 5038, 5027, 5016, 5005, 5000, 5001, 5002)
(10348, 34, 5053, 5042, 5031, 5020, 5014, 5013)
(10349, 42, 5031, 5020, 5009, 5003)
(10350, 34, 5027, 5016, 5005)
(10351, 38, 5042, 5031, 5020, 5014, 5013, 5012, 5011)
(10352, 34, 5027, 5016, 5005)
(10353, 34, 5042, 5031, 5020, 5014, 5013, 5012)
(10354, 42, 5022, 5023, 5029, 5040, 5051)
(10355, 42, 5015, 5020, 5031, 5042, 5053)
(10356, 42, 5002, 5007, 5018, 5029, 5040, 5051)
(10357, 38, 5032, 5043, 5054)
(10358, 34, 5013, 5014, 5020, 5031, 5042)
(10359, 38, 5032, 5043, 5054)
(10360, 35, 5050, 5039, 5028, 5017)
(10361, 35, 5050, 5039, 5028, 5017, 5012, 5013, 5014, 5015)
(10362, 39, 5042, 5031, 5020)
(10363, 35, 5051, 5040, 5029, 5018, 5007)
(10364, 39, 5032, 5021, 5010, 5004)
(10365, 39, 5053, 5042, 5031, 5020, 5009, 5003, 5002, 5001, 5000)
(10366, 43, 5006, 5017, 5028, 5039, 5050)
(10367, 35, 5011, 5017, 5028, 5039)
(10368, 39, 5050, 5039, 5028, 5017, 5012, 5013, 5014, 5015)
(10369, 39, 5028, 5017, 5006, 5000)
(10370, 39, 5027, 5016, 5005)
(10371, 43, 5054, 5043, 5032, 5021, 5010, 5004, 5003, 5002)
(10372, 36, 5027, 5016, 5005)
(10373, 40, 5000, 5001, 5002, 5003, 5009, 5020, 5031, 5042, 5053)
(10374, 36, 5015, 5021, 5032, 5043, 5054)
(10375, 40, 5050, 5039, 5028, 5017, 5006, 5001)
(10376, 40, 5003, 5002, 5001, 5000, 5005, 5016, 5027, 5038)
(10377, 36, 5054, 5043, 5032, 5021, 5010, 5004, 5003)
(10378, 36, 5015, 5014, 5013, 5018, 5029, 5040, 5051)
(10379, 40, 5024, 5030, 5041, 5052)
(10380, 40, 5015, 5014, 5013, 5012, 5011, 5016, 5027, 5038, 5049)
(10381, 36, 5011, 5016, 5027, 5038, 5049)
(10382, 36, 5038, 5027, 5016, 5005, 5000, 5001, 5002)
(10383, 36, 5018, 5029, 5040)
(10384, 37, 5040, 5029, 5018, 5007)
(10385, 41, 5007, 5018, 5029, 5040)
(10386, 45, 5013, 5012, 5011, 5016, 5027, 5038, 5049)
(10387, 45, 5011, 5017, 5028, 5039)
(10388, 41, 5014, 5019, 5030, 5041, 5052)
(10389, 45, 5030, 5019, 5008, 5002)
(10390, 37, 5031, 5020, 5009, 5003, 5002, 5001)
(10391, 37, 5041, 5030, 5019, 5008, 5002, 5001, 5000)
(10392, 41, 5043, 5032, 5021, 5015, 5014)
(10393, 37, 5007, 5018, 5029)
(10394, 45, 5043, 5032, 5021)
(10395, 37, 5025, 5031, 5042, 5053)
(10396, 38, 5032, 5043, 5054)
(10397, 46, 5039, 5028, 5017, 5006, 5001, 5002, 5003)
(10398, 38, 5027, 5038, 5049)
(10399, 38, 5027, 5016, 5005)
(10400, 42, 5051, 5040, 5029, 5018, 5012)
(10401, 42, 5027, 5016, 5005)
(10402, 46, 5050, 5039, 5028, 5017, 5011)
(10403, 38, 5026, 5032, 5043, 5054)
(10404, 42, 5023, 5024, 5030, 5041, 5052)
(10405, 38, 5001, 5002, 5008, 5019, 5030, 5041, 5052)
(10406, 38, 5039, 5028, 5017, 5006, 5001)
(10407, 46, 5001, 5000, 5005, 5016, 5027, 5038, 5049)
(10408, 39, 5029, 5018, 5007, 5001, 5000)
(10409, 43, 5025, 5026, 5032, 5043, 5054)
(10410, 39, 5040, 5029, 5018, 5007, 5002, 5003)
(10411, 47, 5043, 5032, 5021, 5010, 5004, 5003)
(10412, 47, 5028, 5039, 5050)
(10413, 47, 5013, 5012, 5017, 5028, 5039, 5050)
(10414, 39, 5051, 5040, 5029, 5023, 5022)
(10415, 47, 5027, 5016, 5005)
(10416, 43, 5013, 5019, 5030, 5041)
(10417, 47, 5032, 5043, 5054)
(10418, 47, 5031, 5042, 5053)
(10419, 47, 5025, 5026, 5032, 5043, 5054)
(10420, 40, 5032, 5043, 5054)
(10421, 48, 5013, 5014, 5015, 5021, 5032, 5043)
(10422, 40, 5032, 5021, 5010, 5004, 5003, 5002)
(10423, 48, 5031, 5042, 5053)
(10424, 40, 5039, 5028, 5017)
(10425, 40, 5022, 5023, 5024, 5025, 5031, 5042, 5053)
(10426, 48, 5050, 5039, 5028, 5017, 5006, 5001, 5002, 5003)
(10427, 44, 5050, 5039, 5028, 5017, 5012, 5013, 5014, 5015)
(10428, 40, 5012, 5018, 5029, 5040, 5051)
(10429, 40, 5023, 5024, 5030, 5041, 5052)
(10430, 48, 5010, 5021, 5032, 5043, 5054)
(10431, 48, 5049, 5038, 5027, 5016, 5011, 5012, 5013)
(10432, 41, 5039, 5028, 5017)
(10433, 49, 5032, 5043, 5054)
(10434, 45, 5001, 5002, 5003, 5004, 5010, 5021, 5032, 5043, 5054)
(10435, 49, 5029, 5018, 5007)
(10436, 49, 5011, 5017, 5028, 5039)
(10437, 45, 5051, 5040, 5029, 5018)
(10438, 49, 5003, 5009, 5020, 5031, 5042, 5053)
(10439, 45, 5031, 5020, 5009, 5003)
(10440, 41, 5030, 5019, 5008, 5002, 5001)
(10441, 49, 5003, 5002, 5001, 5000, 5005, 5016, 5027, 5038)
(10442, 45, 5030, 5019, 5008)
(10443, 45, 5042, 5031, 5020, 5014, 5013, 5012, 5011)
(10444, 42, 5051, 5040, 5029, 5018, 5007, 5002, 5003)
(10445, 50, 5032, 5043, 5054)
(10446, 46, 5050, 5039, 5028, 5022)
(10447, 46, 5039, 5028, 5017, 5006)
(10448, 46, 5020, 5031, 5042)
(10449, 50, 5038, 5027, 5016, 5005)
(10450, 50, 5039, 5028, 5017, 5006, 5001, 5002)
(10451, 50, 5051, 5040, 5029, 5018, 5007, 5002)
(10452, 42, 5023, 5024, 5025, 5031, 5042, 5053)
(10453, 50, 5051, 5040, 5029, 5018, 5007, 5001)
(10454, 46, 5012, 5013, 5014, 5015, 5021, 5032, 5043)
(10455, 50, 5014, 5013, 5012, 5011, 5016, 5027, 5038, 5049)
(10456, 47, 5015, 5021, 5032, 5043)
(10457, 43, 5012, 5018, 5029, 5040)
(10458, 43, 5053, 5042, 5031, 5025)
(10459, 43, 5022, 5023, 5024, 5030, 5041, 5052)
(10460, 51, 5020, 5031, 5042, 5053)
(10461, 43, 5053, 5042, 5031, 5020, 5014, 5013, 5012, 5011)
(10462, 47, 5007, 5018, 5029)
(10463, 47, 5024, 5030, 5041, 5052)
(10464, 47, 5022, 5023, 5024, 5030, 5041, 5052)
(10465, 43, 5031, 5020, 5009, 5003, 5002)
(10466, 47, 5011, 5017, 5028, 5039)
(10467, 47, 5011, 5017, 5028, 5039)
(10468, 48, 5053, 5042, 5031, 5020, 5014, 5013, 5012)
(10469, 44, 5043, 5032, 5021, 5010, 5004, 5003, 5002, 5001)
(10470, 52, 5026, 5032, 5043, 5054)
(10471, 48, 5038, 5027, 5016, 5005)
(10472, 44, 5041, 5030, 5019, 5008)
(10473, 44, 5040, 5029, 5018, 5012)
(10474, 52, 5030, 5041, 5052)
(10475, 52, 5027, 5016, 5005)
(10476, 52, 5011, 5012, 5013, 5014, 5015, 5021, 5032, 5043, 5054)
(10477, 52, 5022, 5023, 5029, 5040, 5051)
(10478, 48, 5052, 5041, 5030, 5019, 5008, 5002, 5001)
(10479, 48, 5015, 5021, 5032, 5043, 5054)
(10480, 49, 5032, 5021, 5010)
(10481, 53, 5054, 5043, 5032, 5026, 5025, 5024, 5023, 5022)
(10482, 45, 5004, 5010, 5021, 5032, 5043, 5054)
(10483, 45, 5002, 5008, 5019, 5030)
(10484, 45, 5015, 5014, 5013, 5012, 5011, 5016, 5027, 5038, 5049)
(10485, 53, 5013, 5014, 5020, 5031, 5042, 5053)
(10486, 53, 5051, 5040, 5029, 5018, 5013, 5014, 5015)
(10487, 53, 5025, 5031, 5042, 5053)
(10488, 49, 5023, 5024, 5030, 5041, 5052)
(10489, 45, 5003, 5004, 5010, 5021, 5032)
(10490, 45, 5040, 5029, 5018, 5007, 5001)
(10491, 49, 5054, 5043, 5032, 5021, 5010, 5004, 5003, 5002, 5001)
(10492, 50, 5001, 5006, 5017, 5028, 5039, 5050)
(10493, 54, 5027, 5016, 5005)
(10494, 46, 5015, 5020, 5031, 5042, 5053)
(10495, 50, 5053, 5042, 5031, 5025, 5024)
(10496, 50, 5051, 5040, 5029, 5018, 5013, 5014, 5015)
(10497, 54, 5040, 5029, 5018, 5007, 5002)
(10498, 46, 5031, 5020, 5009, 5003, 5002, 5001, 5000)
(10499, 54, 5014, 5019, 5030, 5041, 5052)
(10500, 50, 5038, 5027, 5016, 5005, 5000, 5001, 5002)
(10501, 54, 5026, 5032, 5043, 5054)
(10502, 46, 5028, 5017, 5006)
(10503, 50, 5026, 5032, 5043, 5054)
(10504, 55, 5000, 5001, 5002, 5008, 5019, 5030, 5041)
(10505, 55, 5050, 5039, 5028, 5022)
(10506, 55, 5014, 5019, 5030, 5041, 5052)
(10507, 51, 5040, 5029, 5018, 5007, 5002, 5003, 5004)
(10508, 51, 5030, 5019, 5008, 5002, 5001, 5000)
(10509, 51, 5006, 5017, 5028)
(10510, 47, 5041, 5030, 5019, 5013, 5012, 5011)
(10511, 47, 5022, 5023, 5024, 5025, 5031, 5042, 5053)
