(10000, 13, 5057, 5052, 5041, 5030, 5019, 5014)
(10001, 13, 5040, 5034, 5028, 5022, 5016)
(10002, 13, 5047, 5041, 5030, 5019, 5008, 5003)
(10003, 5, 5008, 5019, 5030, 5041)
(10004, 13, 5006, 5012, 5018, 5029)
(10005, 5, 5010, 5015, 5014, 5019, 5030, 5041, 5052, 5057)
(10006, 5, 5042, 5036, 5030, 5019, 5013)
(10007, 5, 5031, 5020, 5009)
(10008, 9, 5016, 5022, 5028, 5034, 5040, 5046, 5047, 5048, 5054)
(10009, 13, 5028, 5034, 5040, 5051)
(10010, 13, 5016, 5022, 5028, 5034, 5035, 5041)
(10011, 5, 5042, 5036, 5030, 5019, 5013, 5012, 5006)
(10012, 9, 5006, 5017, 5028, 5034)
(10013, 10, 5045, 5039, 5028, 5017)
(10014, 10, 5056, 5057, 5052, 5041, 5030, 5019, 5014, 5015)
(10015, 6, 5012, 5017, 5028, 5034, 5040)
(10016, 10, 5058, 5052, 5041, 5030)
(10017, 14, 5007, 5018, 5029, 5040, 5051)
(10018, 14, 5044, 5039, 5028, 5017, 5012, 5007, 5002, 5003)
(10019, 6, 5028, 5017, 5006, 5000)
(10020, 10, 5039, 5028, 5017, 5012, 5007, 5002)
(10021, 10, 5050, 5039, 5028, 5017, 5012, 5007, 5002)
(10022, 6, 5021, 5032, 5043, 5054)
(10023, 10, 5009, 5014, 5019, 5030, 5041, 5052)
(10024, 10, 5012, 5018, 5023, 5028, 5039)
(10025, 14, 5049, 5044, 5039, 5028, 5017, 5012, 5007, 5002, 5003)
(10026, 15, 5007, 5018, 5029, 5040, 5051)
(10027, 7, 5007, 5013, 5019, 5030, 5041, 5047, 5048)
(10028, 15, 5000, 5006, 5012, 5013, 5019, 5030, 5036, 5042)
(10029, 11, 5029, 5040, 5051)
(10030, 7, 5006, 5012, 5013, 5019, 5030, 5036, 5037)
(10031, 15, 5036, 5030, 5019, 5008)
(10032, 11, 5057, 5056, 5050, 5039, 5028, 5022)
(10033, 15, 5015, 5020, 5031, 5042, 5048)
(10034, 11, 5030, 5019, 5013, 5012, 5006, 5000)
(10035, 11, 5054, 5048, 5042, 5036, 5030, 5019, 5013, 5012, 5006, 5000)
(10036, 15, 5028, 5017, 5006)
(10037, 11, 5031, 5042, 5053, 5059)
(10038, 7, 5030, 5019, 5013, 5007)
(10039, 12, 5030, 5036, 5042, 5053)
(10040, 8, 5028, 5017, 5006)
(10041, 16, 5028, 5039, 5050, 5056)
(10042, 16, 5029, 5018, 5012, 5006)
(10043, 8, 5050, 5039, 5028, 5017, 5012, 5007)
(10044, 16, 5049, 5038, 5027)
(10045, 8, 5031, 5042, 5048, 5054)
(10046, 16, 5042, 5036, 5030, 5019, 5013)
(10047, 12, 5042, 5031, 5020, 5009)
(10048, 8, 5007, 5013, 5019, 5030, 5041, 5052)
(10049, 16, 5037, 5036, 5030, 5019, 5013, 5012, 5006, 5000)
(10050, 16, 5056, 5050, 5039, 5028, 5022)
(10051, 12, 5030, 5041, 5052)
(10052, 13, 5007, 5018, 5023, 5028, 5039, 5044, 5049)
(10053, 9, 5010, 5015, 5014, 5019, 5030, 5035, 5040)
(10054, 17, 5043, 5032, 5021)
(10055, 13, 5031, 5042, 5053)
(10056, 13, 5035, 5029, 5018, 5007)
(10057, 17, 5049, 5044, 5039, 5028, 5017, 5012, 5013)
(10058, 17, 5040, 5034, 5028, 5017, 5006, 5000)
(10059, 9, 5057, 5056, 5050, 5039, 5028)
(10060, 13, 5006, 5017, 5028, 5034, 5040)
(10061, 17, 5039, 5028, 5022, 5016)
(10062, 17, 5028, 5034, 5035, 5036, 5042, 5053)
(10063, 13, 5015, 5020, 5031, 5042, 5048)
(10064, 13, 5028, 5039, 5050, 5056)
(10065, 10, 5015, 5014, 5019, 5030, 5041, 5052, 5057)
(10066, 14, 5043, 5032, 5021, 5010)
(10067, 14, 5048, 5042, 5036, 5030, 5019)
(10068, 18, 5019, 5030, 5035, 5034, 5039, 5050)
(10069, 18, 5049, 5044, 5039, 5028, 5017, 5012, 5007, 5002)
(10070, 14, 5029, 5018, 5007)
(10071, 18, 5031, 5020, 5009)
(10072, 14, 5015, 5020, 5031, 5042, 5048)
(10073, 14, 5045, 5039, 5028, 5022, 5016)
(10074, 10, 5038, 5027, 5022, 5017, 5006)
(10075, 14, 5012, 5013, 5019, 5030, 5036, 5042)
(10076, 14, 5010, 5021, 5032, 5037, 5036, 5035, 5034, 5039)
(10077, 10, 5002, 5007, 5012, 5017, 5028, 5039)
(10078, 19, 5050, 5039, 5028, 5017)
(10079, 19, 5018, 5023, 5028, 5039, 5050)
(10080, 11, 5030, 5036, 5042, 5053)
(10081, 15, 5019, 5030, 5036, 5042, 5048)
(10082, 19, 5027, 5016, 5005)
(10083, 15, 5015, 5014, 5013, 5012, 5017, 5028, 5039, 5050)
(10084, 11, 5041, 5030, 5019, 5008)
(10085, 11, 5030, 5036, 5042, 5053)
(10086, 19, 5030, 5041, 5047, 5053)
(10087, 15, 5052, 5041, 5030, 5019)
(10088, 11, 5036, 5030, 5019, 5008)
(10089, 19, 5054, 5048, 5047, 5041, 5035, 5034, 5028, 5022, 5016)
(10090, 11, 5015, 5020, 5031, 5042, 5048)
(10091, 12, 5052, 5046, 5040, 5029, 5018)
(10092, 12, 5007, 5018, 5024, 5030, 5041, 5052)
(10093, 12, 5040, 5035, 5030, 5019, 5014, 5015, 5010)
(10094, 20, 5055, 5050, 5039, 5028, 5022, 5016)
(10095, 12, 5017, 5028, 5039, 5050, 5056)
(10096, 12, 5030, 5036, 5042, 5048, 5054)
(10097, 20, 5030, 5041, 5052)
(10098, 16, 5040, 5029, 5018)
(10099, 12, 5032, 5043, 5054)
(10100, 12, 5029, 5018, 5012, 5006)
(10101, 20, 5015, 5021, 5032, 5043)
(10102, 16, 5042, 5036, 5030, 5019, 5013)
(10103, 20, 5031, 5042, 5048, 5054, 5059)
(10104, 17, 5050, 5039, 5028, 5023, 5018, 5007)
(10105, 17, 5014, 5013, 5012, 5017, 5028, 5039, 5050)
(10106, 13, 5019, 5030, 5036, 5042, 5053)
(10107, 17, 5042, 5031, 5020, 5015, 5010)
(10108, 13, 5027, 5016, 5005)
(10109, 17, 5036, 5035, 5034, 5028, 5017, 5006, 5000)
(10110, 17, 5039, 5034, 5035, 5030, 5019, 5008)
(10111, 13, 5027, 5022, 5017, 5006, 5000)
(10112, 17, 5028, 5023, 5018, 5012, 5006)
(10113, 13, 5036, 5035, 5034, 5028, 5017, 5006, 5000)
(10114, 13, 5055, 5050, 5039, 5028, 5017, 5012)
(10115, 21, 5019, 5030, 5036, 5042, 5048)
(10116, 21, 5018, 5029, 5040)
(10117, 22, 5039, 5028, 5017, 5006)
(10118, 14, 5044, 5039, 5028, 5017, 5006)
(10119, 14, 5036, 5030, 5019, 5008, 5003)
(10120, 14, 5028, 5017, 5006, 5000)
(10121, 14, 5039, 5028, 5023, 5018, 5012)
(10122, 22, 5042, 5036, 5030, 5019, 5008)
(10123, 22, 5008, 5019, 5030, 5041, 5052, 5057)
(10124, 14, 5029, 5018, 5007)
(10125, 18, 5022, 5028, 5039, 5050)
(10126, 22, 5010, 5021, 5032, 5037, 5036, 5041, 5052)
(10127, 22, 5037, 5036, 5030, 5019, 5008)
(10128, 14, 5031, 5042, 5053)
(10129, 22, 5003, 5002, 5007, 5012, 5017, 5028, 5039)
(10130, 19, 5029, 5018, 5007)
(10131, 15, 5005, 5016, 5027, 5038, 5049)
(10132, 15, 5036, 5030, 5019, 5013, 5012, 5006)
(10133, 23, 5057, 5052, 5041, 5030, 5019, 5008, 5003)
(10134, 19, 5030, 5041, 5047, 5048, 5054)
(10135, 15, 5038, 5027, 5016)
(10136, 23, 5027, 5022, 5017, 5006, 5000)
(10137, 23, 5010, 5015, 5020, 5031, 5042, 5048)
(10138, 23, 5010, 5021, 5032, 5037, 5036, 5041, 5052, 5057)
(10139, 15, 5016, 5027, 5038)
(10140, 15, 5007, 5018, 5029, 5040)
(10141, 15, 5052, 5041, 5030, 5024)
(10142, 15, 5016, 5022, 5028, 5034, 5035, 5036, 5042, 5048)
(10143, 24, 5016, 5022, 5028, 5039, 5044)
(10144, 24, 5008, 5019, 5030, 5041, 5047, 5048, 5054)
(10145, 24, 5024, 5030, 5036, 5042, 5048, 5054)
(10146, 16, 5000, 5006, 5017, 5028, 5034, 5040)
(10147, 20, 5030, 5019, 5008)
(10148, 20, 5007, 5013, 5019, 5030, 5036)
(10149, 20, 5028, 5017, 5006)
(10150, 16, 5011, 5017, 5028, 5039)
(10151, 24, 5029, 5018, 5012, 5006, 5000)
(10152, 16, 5003, 5008, 5019, 5030, 5035, 5040)
(10153, 24, 5032, 5021, 5015, 5009, 5003)
(10154, 24, 5039, 5034, 5035, 5030, 5019, 5008)
(10155, 16, 5029, 5018, 5007)
(10156, 21, 5034, 5028, 5017, 5006)
(10157, 17, 5007, 5013, 5019, 5030, 5036)
(10158, 21, 5014, 5013, 5012, 5017, 5028, 5039, 5050)
(10159, 17, 5045, 5039, 5028, 5017, 5006, 5000)
(10160, 25, 5028, 5039, 5050, 5056, 5057)
(10161, 21, 5012, 5013, 5019, 5030, 5036, 5042, 5048)
(10162, 17, 5029, 5018, 5012, 5006, 5000)
(10163, 17, 5042, 5036, 5030, 5019, 5013, 5012, 5006, 5000)
(10164, 21, 5049, 5038, 5027, 5016)
(10165, 17, 5053, 5042, 5036, 5035, 5034, 5028)
(10166, 25, 5017, 5028, 5039, 5044, 5049)
(10167, 17, 5003, 5009, 5015, 5021, 5032)
(10168, 21, 5003, 5002, 5007, 5012, 5017, 5028, 5039)
(10169, 26, 5057, 5052, 5041, 5030, 5019, 5013)
(10170, 22, 5019, 5030, 5035, 5040, 5046, 5052)
(10171, 26, 5010, 5021, 5032, 5037, 5036, 5041)
(10172, 22, 5029, 5018, 5007)
(10173, 18, 5044, 5039, 5028, 5017, 5012, 5007)
(10174, 26, 5017, 5028, 5034, 5035, 5036, 5042)
(10175, 22, 5046, 5040, 5034, 5028, 5017, 5006)
(10176, 22, 5013, 5019, 5030, 5041, 5052)
(10177, 22, 5032, 5043, 5054)
(10178, 26, 5028, 5023, 5018, 5012, 5006)
(10179, 22, 5011, 5017, 5028, 5039)
(10180, 26, 5050, 5039, 5028, 5017, 5006)
(10181, 22, 5007, 5013, 5019, 5030, 5036)
(10182, 19, 5002, 5007, 5012, 5017, 5028, 5039, 5050)
(10183, 23, 5030, 5019, 5013, 5007, 5002)
(10184, 23, 5055, 5050, 5039, 5028, 5022, 5016)
(10185, 27, 5028, 5039, 5050, 5056)
(10186, 19, 5052, 5041, 5035, 5034, 5028, 5022)
(10187, 23, 5028, 5034, 5035, 5041, 5052)
(10188, 23, 5015, 5014, 5019, 5030, 5041, 5052)
(10189, 19, 5030, 5041, 5052)
(10190, 27, 5043, 5032, 5021, 5015, 5009)
(10191, 27, 5028, 5039, 5050, 5056, 5057)
(10192, 27, 5016, 5027, 5038, 5049)
(10193, 23, 5038, 5027, 5016, 5005)
(10194, 27, 5036, 5030, 5019, 5008, 5003)
(10195, 28, 5024, 5030, 5036, 5042, 5053)
(10196, 24, 5010, 5021, 5032, 5037, 5036, 5041, 5052, 5057)
(10197, 24, 5034, 5028, 5017, 5006, 5000)
(10198, 28, 5054, 5043, 5032, 5021)
(10199, 28, 5049, 5044, 5039, 5028, 5017, 5012, 5007, 5002)
(10200, 28, 5003, 5002, 5007, 5012, 5017, 5028, 5039)
(10201, 24, 5029, 5018, 5012, 5006)
(10202, 24, 5029, 5035, 5036, 5042, 5048, 5054)
(10203, 20, 5022, 5028, 5034, 5035, 5036, 5042, 5053)
(10204, 24, 5020, 5031, 5042, 5053)
(10205, 28, 5013, 5019, 5030, 5036, 5042)
(10206, 20, 5010, 5015, 5014, 5013, 5012, 5017, 5028, 5039, 5050)
(10207, 20, 5052, 5041, 5030, 5019, 5008)
(10208, 21, 5041, 5030, 5019, 5008, 5003)
(10209, 25, 5050, 5039, 5028, 5017, 5012, 5013, 5014, 5015)
(10210, 25, 5031, 5025, 5019, 5013, 5007)
(10211, 29, 5012, 5013, 5019, 5030, 5041)
(10212, 29, 5036, 5030, 5019, 5013, 5012, 5006)
(10213, 25, 5041, 5030, 5019, 5013, 5007)
(10214, 21, 5052, 5041, 5030, 5019, 5013, 5012, 5006, 5000)
(10215, 25, 5040, 5034, 5028, 5022, 5016)
(10216, 21, 5034, 5028, 5017, 5012, 5007)
(10217, 21, 5022, 5028, 5034, 5035, 5036, 5042, 5053)
(10218, 25, 5016, 5022, 5028, 5039, 5050, 5056)
(10219, 25, 5050, 5044, 5038, 5027)
(10220, 25, 5024, 5030, 5036, 5042, 5053)
(10221, 22, 5007, 5013, 5019, 5030, 5041, 5047, 5053)
(10222, 22, 5046, 5040, 5034, 5028, 5017)
(10223, 26, 5009, 5014, 5019, 5030, 5035, 5040)
(10224, 30, 5031, 5042, 5048, 5054)
(10225, 22, 5054, 5043, 5032, 5021, 5015, 5009)
(10226, 26, 5022, 5028, 5034, 5035, 5036, 5042, 5048, 5054)
(10227, 30, 5031, 5042, 5053)
(10228, 22, 5030, 5036, 5042, 5048, 5054)
(10229, 30, 5000, 5006, 5017, 5028, 5034, 5040)
(10230, 22, 5016, 5022, 5028, 5034, 5035, 5036, 5042, 5048, 5054)
(10231, 30, 5050, 5039, 5028, 5023, 5018)
(10232, 30, 5028, 5034, 5035, 5036, 5042, 5053)
(10233, 30, 5024, 5030, 5041, 5052)
(10234, 31, 5031, 5042, 5048, 5054)
(10235, 23, 5027, 5022, 5017, 5006, 5000)
(10236, 27, 5007, 5012, 5017, 5028, 5034, 5040)
(10237, 23, 5031, 5042, 5053)
(10238, 27, 5053, 5042, 5031, 5020, 5015)
(10239, 23, 5006, 5017, 5028, 5034, 5035, 5036, 5042, 5053)
(10240, 31, 5049, 5044, 5039, 5028, 5017, 5012, 5013)
(10241, 27, 5006, 5012, 5013, 5019, 5030, 5036, 5042, 5053)
(10242, 23, 5007, 5018, 5024, 5030, 5036)
(10243, 27, 5028, 5023, 5018, 5012, 5006)
(10244, 23, 5027, 5016, 5005)
(10245, 27, 5028, 5039, 5050, 5056)
(10246, 23, 5029, 5018, 5012, 5006, 5000)
(10247, 32, 5016, 5022, 5028, 5034, 5040)
(10248, 32, 5002, 5007, 5012, 5017, 5028, 5039, 5044, 5049)
(10249, 24, 5028, 5017, 5006)
(10250, 32, 5028, 5023, 5018, 5012, 5006)
(10251, 32, 5032, 5021, 5015, 5014, 5013, 5007)
(10252, 32, 5021, 5032, 5037, 5036, 5041, 5052)
(10253, 24, 5034, 5028, 5017, 5006)
(10254, 28, 5036, 5030, 5019, 5013, 5012, 5006, 5000)
(10255, 32, 5059, 5054, 5043, 5032, 5021)
(10256, 24, 5048, 5047, 5041, 5030, 5019)
(10257, 28, 5011, 5017, 5028, 5039, 5050)
(10258, 28, 5028, 5034, 5035, 5036, 5042, 5053)
(10259, 32, 5028, 5034, 5035, 5036, 5042, 5053)
(10260, 33, 5018, 5023, 5028, 5039, 5044, 5049)
(10261, 29, 5011, 5017, 5028, 5039)
(10262, 25, 5006, 5012, 5013, 5019, 5030, 5041, 5052)
(10263, 25, 5015, 5014, 5013, 5012, 5017, 5028, 5039, 5044, 5049)
(10264, 25, 5027, 5022, 5017, 5006, 5000)
(10265, 33, 5052, 5041, 5030, 5019, 5008, 5003)
(10266, 25, 5056, 5050, 5039, 5028, 5017, 5006)
(10267, 25, 5008, 5019, 5030, 5041)
(10268, 29, 5043, 5032, 5021, 5015, 5009)
(10269, 33, 5040, 5035, 5030, 5019, 5014, 5015, 5010)
(10270, 25, 5030, 5019, 5013, 5012, 5006)
(10271, 33, 5022, 5028, 5034, 5040, 5046, 5047, 5048, 5054)
(10272, 33, 5051, 5040, 5029)
(10273, 30, 5007, 5013, 5019, 5030, 5041, 5052)
(10274, 34, 5034, 5028, 5017, 5006)
(10275, 34, 5050, 5039, 5028, 5017)
(10276, 30, 5013, 5019, 5030, 5036, 5042, 5048, 5054)
(10277, 34, 5008, 5019, 5030, 5036, 5042, 5053)
(10278, 30, 5053, 5042, 5036, 5030, 5019, 5013)
(10279, 30, 5028, 5017, 5006)
(10280, 26, 5015, 5020, 5031, 5042, 5053)
(10281, 26, 5013, 5019, 5030, 5036, 5042, 5048, 5054)
(10282, 30, 5044, 5039, 5028, 5017, 5012, 5013, 5014, 5015, 5010)
(10283, 26, 5013, 5019, 5030, 5041, 5047)
(10284, 26, 5019, 5030, 5036, 5042)
(10285, 30, 5036, 5030, 5019, 5013, 5012, 5006, 5000)
(10286, 35, 5022, 5028, 5039, 5050)
(10287, 31, 5053, 5042, 5036, 5030, 5019, 5013, 5007)
(10288, 35, 5028, 5034, 5035, 5036, 5042, 5048, 5054)
(10289, 31, 5028, 5034, 5035, 5041, 5052)
(10290, 31, 5015, 5021, 5032, 5043, 5054, 5059)
(10291, 27, 5035, 5029, 5018, 5007)
(10292, 27, 5003, 5008, 5019, 5030, 5035, 5040)
(10293, 31, 5050, 5039, 5028, 5017)
(10294, 31, 5055, 5050, 5039, 5028, 5022, 5016)
(10295, 27, 5039, 5028, 5017, 5012, 5007)
(10296, 27, 5048, 5042, 5031, 5020)
(10297, 27, 5032, 5021, 5015, 5009, 5003)
(10298, 27, 5028, 5034, 5035, 5036, 5042, 5053)
(10299, 28, 5016, 5022, 5028, 5034, 5035, 5036, 5042, 5048)
(10300, 28, 5050, 5039, 5028, 5022)
(10301, 28, 5052, 5041, 5030, 5019)
(10302, 32, 5015, 5014, 5019, 5030, 5041, 5052, 5057)
(10303, 28, 5058, 5052, 5041, 5030, 5019, 5013, 5012)
(10304, 28, 5000, 5006, 5017, 5028, 5039, 5050, 5056)
(10305, 28, 5039, 5034, 5035, 5030, 5019, 5014, 5015, 5010)
(10306, 36, 5010, 5015, 5020, 5031, 5042)
(10307, 28, 5030, 5019, 5013, 5007)
(10308, 28, 5051, 5040, 5034, 5028, 5022, 5016)
(10309, 32, 5029, 5035, 5036, 5042, 5048, 5054)
(10310, 36, 5040, 5035, 5030, 5019, 5008, 5003)
(10311, 28, 5013, 5019, 5030, 5041)
(10312, 29, 5003, 5008, 5019, 5030, 5041)
(10313, 37, 5027, 5016, 5005)
(10314, 33, 5002, 5007, 5013, 5019, 5030, 5041, 5052)
(10315, 33, 5009, 5015, 5021, 5032)
(10316, 33, 5057, 5052, 5041, 5030, 5019, 5013, 5007)
(10317, 29, 5041, 5030, 5019, 5013, 5012)
(10318, 33, 5039, 5028, 5017, 5012, 5013, 5014, 5015, 5010)
(10319, 29, 5028, 5023, 5018, 5012, 5006)
(10320, 33, 5003, 5008, 5019, 5030, 5041, 5052)
(10321, 33, 5030, 5041, 5052)
(10322, 29, 5044, 5039, 5028, 5017, 5006)
(10323, 33, 5058, 5052, 5041, 5030, 5019, 5013, 5007)
(10324, 33, 5030, 5041, 5052)
(10325, 34, 5046, 5041, 5030, 5019, 5008, 5003)
(10326, 38, 5021, 5032, 5043, 5054, 5059)
(10327, 34, 5055, 5050, 5039, 5028, 5017, 5012, 5013, 5014, 5015)
(10328, 30, 5050, 5039, 5028, 5017, 5012, 5013, 5014, 5015)
(10329, 38, 5010, 5021, 5032, 5037, 5036, 5035, 5034, 5039, 5050)
(10330, 30, 5019, 5030, 5041, 5052, 5057)
(10331, 30, 5054, 5048, 5042, 5036, 5030, 5019, 5013, 5012, 5006)
(10332, 38, 5057, 5052, 5041, 5030, 5019)
(10333, 34, 5014, 5019, 5030, 5041, 5052)
(10334, 38, 5019, 5030, 5041, 5052)
(10335, 30, 5020, 5031, 5042)
(10336, 34, 5032, 5043, 5054)
(10337, 34, 5020, 5031, 5042, 5053)
(10338, 39, 5016, 5022, 5028, 5039, 5050, 5056, 5057)
(10339, 35, 5013, 5012, 5017, 5028, 5039, 5050)
(10340, 35, 5040, 5034, 5028, 5017, 5006, 5000)
(10341, 39, 5054, 5043, 5032)
(10342, 35, 5059, 5054, 5043, 5032, 5021, 5010)
(10343, 35, 5009, 5020, 5031, 5042)
(10344, 31, 5045, 5039, 5028, 5017)
(10345, 39, 5006, 5012, 5013, 5019, 5030, 5041)
(10346, 31, 5016, 5022, 5028, 5034, 5035, 5036, 5042)
(10347, 39, 5015, 5014, 5019, 5030, 5041, 5052, 5057)
(10348, 39, 5028, 5039, 5050, 5056, 5057, 5058)
(10349, 31, 5042, 5036, 5035, 5034, 5028, 5022, 5016)
(10350, 39, 5010, 5021, 5032, 5037, 5042)
(10351, 40, 5054, 5048, 5042, 5031, 5020, 5015, 5010)
(10352, 40, 5054, 5048, 5042, 5031, 5020, 5015, 5010)
(10353, 40, 5007, 5012, 5017, 5028, 5039, 5050)
(10354, 40, 5041, 5030, 5019)
(10355, 32, 5032, 5043, 5054)
(10356, 36, 5015, 5021, 5032, 5043, 5054)
(10357, 32, 5015, 5014, 5019, 5030, 5041, 5052, 5057)
(10358, 36, 5053, 5042, 5036, 5035, 5034, 5028, 5022)
(10359, 36, 5013, 5019, 5030, 5036, 5042, 5053)
(10360, 40, 5044, 5039, 5028, 5017, 5012, 5013, 5014, 5015, 5010)
(10361, 32, 5032, 5043, 5054)
(10362, 36, 5019, 5030, 5041)
(10363, 32, 5037, 5036, 5030, 5019, 5013, 5007)
(10364, 33, 5029, 5018, 5012, 5006)
(10365, 33, 5028, 5039, 5050)
(10366, 37, 5054, 5048, 5047, 5041, 5030, 5019, 5013, 5007)
(10367, 41, 5029, 5018, 5012, 5006, 5000)
(10368, 41, 5029, 5018, 5007)
(10369, 41, 5018, 5029, 5040, 5051)
(10370, 33, 5005, 5016, 5027)
(10371, 37, 5000, 5006, 5017, 5028, 5039, 5050, 5056)
(10372, 33, 5018, 5024, 5030, 5041)
(10373, 37, 5039, 5034, 5035, 5030, 5019, 5008, 5003)
(10374, 37, 5038, 5027, 5016)
(10375, 37, 5046, 5040, 5029, 5018, 5007)
(10376, 41, 5019, 5030, 5036, 5042, 5048, 5054)
(10377, 42, 5036, 5030, 5019, 5008)
(10378, 34, 5052, 5041, 5030, 5019, 5013, 5007)
(10379, 34, 5042, 5036, 5030, 5019, 5013)
(10380, 38, 5049, 5044, 5039, 5028, 5017, 5012, 5013)
(10381, 34, 5013, 5019, 5030, 5036, 5042)
(10382, 38, 5047, 5041, 5030, 5019, 5013, 5012)
(10383, 42, 5026, 5031, 5042, 5048, 5054)
(10384, 42, 5014, 5013, 5012, 5017, 5028, 5039, 5050)
(10385, 42, 5032, 5043, 5054)
(10386, 34, 5048, 5042, 5036, 5035, 5034, 5028, 5022, 5016)
(10387, 38, 5049, 5044, 5039, 5028, 5017, 5012, 5013)
(10388, 34, 5000, 5006, 5012, 5013, 5019, 5030, 5041)
(10389, 34, 5040, 5034, 5028, 5017, 5006, 5000)
(10390, 35, 5047, 5041, 5030, 5019, 5013, 5012, 5006, 5000)
(10391, 35, 5003, 5002, 5007, 5012, 5017, 5028, 5039, 5044, 5049)
(10392, 39, 5028, 5023, 5018, 5012, 5006)
(10393, 43, 5007, 5012, 5017, 5028, 5039, 5044, 5049)
(10394, 39, 5000, 5006, 5012, 5013, 5019, 5030, 5036, 5042, 5048)
(10395, 43, 5047, 5041, 5030, 5019, 5014)
(10396, 35, 5057, 5052, 5041, 5030, 5019, 5008, 5003)
(10397, 39, 5057, 5052, 5047, 5042, 5031, 5020, 5009)
(10398, 39, 5050, 5039, 5028, 5022, 5016, 5005)
(10399, 43, 5019, 5030, 5041, 5047, 5048)
(10400, 43, 5032, 5043, 5054)
(10401, 43, 5054, 5048, 5047, 5041, 5030, 5024)
(10402, 35, 5056, 5057, 5052, 5041, 5030, 5019, 5014)
(10403, 36, 5028, 5039, 5050, 5056)
(10404, 36, 5035, 5034, 5028, 5017, 5006, 5000)
(10405, 44, 5056, 5051, 5040, 5034, 5028)
(10406, 36, 5036, 5030, 5019, 5013, 5012, 5006)
(10407, 40, 5010, 5015, 5020, 5031, 5042, 5048)
(10408, 44, 5022, 5027, 5033, 5039, 5050)
(10409, 40, 5042, 5036, 5030, 5019, 5008)
(10410, 36, 5016, 5027, 5038, 5049)
(10411, 44, 5030, 5019, 5013, 5007)
(10412, 36, 5044, 5039, 5028, 5017, 5006)
(10413, 44, 5052, 5047, 5042, 5031, 5020, 5015)
(10414, 44, 5040, 5029, 5018)
(10415, 36, 5056, 5050, 5039, 5028, 5022)
(10416, 41, 5005, 5016, 5022, 5028, 5039, 5050)
(10417, 45, 5009, 5020, 5031, 5042)
(10418, 45, 5029, 5040, 5051)
(10419, 45, 5053, 5042, 5031, 5020, 5009)
(10420, 45, 5031, 5025, 5019, 5008)
(10421, 45, 5034, 5028, 5017, 5006, 5000)
(10422, 37, 5048, 5047, 5041, 5035, 5034, 5028, 5022, 5016)
(10423, 41, 5017, 5028, 5039, 5050, 5056)
(10424, 41, 5049, 5044, 5039, 5028, 5017, 5012, 5013, 5014, 5015, 5010)
(10425, 45, 5010, 5015, 5014, 5019, 5030, 5041)
(10426, 41, 5002, 5007, 5012, 5017, 5028, 5039, 5044, 5049)
(10427, 41, 5049, 5044, 5039, 5028, 5017, 5012, 5013, 5014, 5015, 5010)
(10428, 41, 5039, 5028, 5017, 5006, 5000)
(10429, 46, 5039, 5028, 5017, 5012, 5007, 5002)
(10430, 42, 5049, 5044, 5039, 5028, 5017, 5012)
(10431, 42, 5006, 5017, 5028, 5034, 5040, 5051)
(10432, 42, 5028, 5017, 5006)
(10433, 42, 5010, 5015, 5014, 5013, 5012, 5017, 5028, 5039)
(10434, 46, 5013, 5012, 5017, 5028, 5039, 5050)
(10435, 42, 5006, 5017, 5028, 5034, 5035, 5036)
(10436, 46, 5019, 5030, 5036, 5042, 5048)
(10437, 42, 5031, 5042, 5048, 5054)
(10438, 46, 5028, 5022, 5016, 5005)
(10439, 42, 5042, 5036, 5030, 5019, 5013, 5012, 5006)
(10440, 38, 5026, 5031, 5042, 5048, 5054)
(10441, 42, 5015, 5021, 5032, 5043)
(10442, 39, 5000, 5006, 5017, 5028, 5039, 5050, 5056)
(10443, 43, 5014, 5013, 5012, 5017, 5028, 5039, 5044, 5049)
(10444, 43, 5028, 5023, 5018, 5012, 5006)
(10445, 47, 5040, 5035, 5030, 5019, 5008, 5003)
(10446, 43, 5048, 5047, 5041, 5030, 5019, 5013, 5012, 5006, 5000)
(10447, 47, 5036, 5030, 5019, 5013, 5012, 5006)
(10448, 43, 5044, 5039, 5028, 5017, 5012, 5007, 5002)
(10449, 39, 5053, 5042, 5036, 5035, 5034, 5028, 5022, 5016)
(10450, 47, 5020, 5031, 5042, 5048, 5054)
(10451, 47, 5030, 5036, 5042, 5053)
(10452, 39, 5024, 5030, 5036, 5042, 5048, 5054)
(10453, 47, 5034, 5028, 5017, 5006)
(10454, 39, 5003, 5002, 5007, 5012, 5017, 5028, 5039, 5044, 5049)
(10455, 48, 5012, 5017, 5028, 5039, 5044, 5049)
(10456, 44, 5056, 5050, 5039, 5028, 5022)
(10457, 44, 5015, 5014, 5013, 5012, 5017, 5028, 5039, 5050)
(10458, 48, 5040, 5029, 5018, 5007)
(10459, 40, 5032, 5021, 5015, 5014, 5013, 5012, 5006, 5000)
(10460, 48, 5032, 5021, 5015, 5014, 5013, 5012, 5006)
(10461, 44, 5009, 5014, 5013, 5012, 5017, 5028, 5039, 5044, 5049)
(10462, 44, 5029, 5040, 5051)
(10463, 44, 5019, 5030, 5036, 5042, 5048, 5054)
(10464, 44, 5006, 5017, 5028, 5034, 5035, 5036, 5042)
(10465, 40, 5030, 5036, 5042, 5053)
(10466, 44, 5030, 5036, 5042, 5048, 5054)
(10467, 48, 5026, 5031, 5042, 5048, 5054)
(10468, 45, 5003, 5008, 5019, 5030, 5041)
(10469, 41, 5037, 5036, 5030, 5019, 5013, 5007)
(10470, 45, 5030, 5019, 5013, 5012, 5006, 5000)
(10471, 41, 5050, 5039, 5028, 5017, 5006, 5000)
(10472, 49, 5030, 5041, 5052)
(10473, 49, 5030, 5041, 5047, 5048, 5054)
(10474, 49, 5017, 5028, 5034, 5035, 5036, 5042)
(10475, 41, 5042, 5031, 5020, 5009)
(10476, 41, 5050, 5039, 5028, 5017, 5006)
(10477, 49, 5039, 5028, 5017, 5012, 5007, 5002, 5003)
(10478, 49, 5006, 5017, 5028, 5034, 5035)
(10479, 45, 5050, 5039, 5028, 5022, 5016)
(10480, 49, 5019, 5030, 5041, 5052)
(10481, 42, 5029, 5018, 5012, 5006, 5000)
(10482, 42, 5028, 5017, 5006, 5000)
(10483, 46, 5017, 5028, 5034, 5035, 5036, 5042, 5048, 5054)
(10484, 46, 5056, 5051, 5040, 5034, 5028)
(10485, 50, 5028, 5034, 5035, 5041, 5052)
(10486, 42, 5010, 5021, 5032, 5043)
(10487, 50, 5032, 5043, 5054)
(10488, 50, 5027, 5038, 5049)
(10489, 46, 5028, 5039, 5050, 5056)
(10490, 46, 5031, 5042, 5053)
(10491, 50, 5054, 5043, 5032)
(10492, 42, 5041, 5030, 5019, 5014, 5015, 5010)
(10493, 42, 5056, 5050, 5039, 5028, 5017, 5006)
(10494, 51, 5016, 5022, 5028, 5034, 5035, 5041)
(10495, 51, 5032, 5043, 5054)
(10496, 51, 5053, 5042, 5036, 5035, 5034, 5028, 5022, 5016)
(10497, 47, 5031, 5042, 5048, 5054)
(10498, 47, 5048, 5042, 5036, 5030, 5019, 5013, 5007)
(10499, 51, 5052, 5041, 5030, 5019, 5013)
(10500, 47, 5049, 5038, 5027)
(10501, 51, 5055, 5050, 5039, 5028, 5017, 5012, 5013)
(10502, 43, 5034, 5028, 5017, 5012, 5007)
(10503, 47, 5013, 5019, 5030, 5041, 5047, 5053)
(10504, 51, 5032, 5043, 5054)
(10505, 43, 5010, 5021, 5032, 5043, 5054)
(10506, 51, 5015, 5021, 5032, 5043)
(10507, 52, 5034, 5028, 5017, 5006)
(10508, 44, 5039, 5028, 5017, 5012, 5007, 5002, 5003)
(10509, 52, 5027, 5038, 5049)
(10510, 52, 5024, 5030, 5036, 5042, 5053)
(10511, 48, 5057, 5052, 5041, 5030, 5019, 5013, 5007)
