(10000, 5, 5024, 5025, 5031, 5042, 5053)
(10001, 5, 5030, 5041, 5052)
(10006, 5, 5029, 5018, 5007, 5001)
(10008, 5, 5049, 5038, 5027, 5016, 5005)
(10009, 5, 5043, 5032, 5021, 5015, 5014, 5013, 5012)
(10012, 5, 5029, 5018, 5007, 5001)
(10017, 5, 5012, 5017, 5028, 5039, 5050)
(10020, 5, 5040, 5029, 5018, 5007, 5002, 5003)
(10023, 5, 5029, 5018, 5007, 5001)
(10024, 5, 5038, 5027, 5016, 5005, 5000, 5001, 5002, 5003)
(10028, 5, 5003, 5009, 5020, 5031, 5042, 5053)
(10031, 5, 5050, 5039, 5028, 5017, 5006, 5001, 5002, 5003)
(10035, 5, 5005, 5016, 5027)
(10036, 6, 5011, 5017, 5028, 5039, 5050)
(10050, 6, 5024, 5030, 5035, 5040, 5045, 5044, 5038, 5027, 5016, 5005, 5000, 5006, 5012, 5007, 5002, 5008, 5014, 5009, 5004, 5010, 5021, 5032, 5037, 5042, 5047, 5052)
(10052, 6, 5028, 5039, 5050)
(10054, 6, 5012, 5013, 5014, 5020, 5031, 5042, 5053)
(10057, 6, 5049, 5038, 5027, 5016, 5011, 5012, 5013)
(10062, 6, 5008, 5019, 5030)
(10067, 6, 5032, 5043, 5054)
(10069, 6, 5012, 5017, 5028, 5039, 5050)
(10072, 6, 5052, 5041, 5030, 5019, 5008, 5002, 5001)
(10077, 6, 5007, 5018, 5029, 5040)
(10082, 6, 5040, 5029, 5018, 5007, 5001, 5000)
(10084, 6, 5014, 5015, 5021, 5032, 5043)
(10085, 6, 5052, 5041, 5030, 5019, 5014, 5015)
(10087, 7, 5029, 5018, 5007, 5001, 5000)
(10091, 7, 5053, 5042, 5031, 5020, 5009)
(10098, 7, 5021, 5032, 5043)
(10099, 7, 5054, 5043, 5032, 5021)
(10100, 7, 5028, 5039, 5050)
(10101, 7, 5011, 5016, 5027, 5038, 5049)
(10105, 7, 5025, 5026, 5032, 5043, 5054)
(10108, 7, 5038, 5027, 5016)
(10110, 7, 5015, 5021, 5032, 5043)
(10111, 7, 5050, 5039, 5028, 5017, 5012, 5013)
(10114, 7, 5011, 5012, 5013, 5014, 5015, 5021, 5032, 5043)
(10116, 7, 5041, 5030, 5019, 5008, 5002, 5001)
(10117, 7, 5023, 5029, 5040, 5051)
(10119, 8, 5039, 5028, 5017, 5006, 5000)
(10122, 8, 5011, 5016, 5027, 5038, 5049)
(10124, 8, 5041, 5030, 5019, 5008, 5003)
(10127, 8, 5028, 5017, 5006)
(10002, 12, 5016, 5027, 5038, 5049)
(10003, 12, 5052, 5041, 5030, 5019, 5013, 5012, 5011)
(10018, 12, 5027, 5038, 5049)
(10021, 12, 5015, 5020, 5031, 5042, 5053)
(10025, 12, 5053, 5042, 5031, 5025)
(10029, 12, 5032, 5043, 5054)
(10030, 12, 5039, 5028, 5017, 5006)
(10033, 12, 5051, 5040, 5029, 5018, 5007, 5002, 5003, 5004)
(10034, 12, 5001, 5002, 5003, 5009, 5020, 5031)
(10037, 13, 5027, 5016, 5005)
(10038, 13, 5053, 5042, 5031, 5020, 5009, 5004)
(10041, 13, 5030, 5041, 5052)
(10042, 13, 5049, 5038, 5027, 5016, 5011, 5012)
(10044, 13, 5031, 5020, 5009, 5003, 5002, 5001)
(10045, 13, 5001, 5002, 5003, 5009, 5020, 5031, 5042)
(10047, 13, 5030, 5041, 5052)
(10048, 13, 5005, 5016, 5027, 5038, 5049)
(10060, 13, 5023, 5024, 5025, 5026, 5032, 5043, 5054)
(10061, 13, 5015, 5014, 5019, 5030, 5041, 5052)
(10065, 13, 5001, 5000, 5005, 5016, 5027, 5038, 5049)
(10066, 13, 5053, 5042, 5031, 5020, 5014, 5013, 5012, 5011)
(10073, 13, 5031, 5020, 5009, 5003, 5002, 5001)
(10074, 14, 5051, 5040, 5029, 5023)
(10076, 14, 5051, 5040, 5029, 5018, 5007, 5001)
(10080, 14, 5032, 5021, 5010, 5004, 5003, 5002, 5001)
(10081, 14, 5013, 5019, 5030, 5041)
(10083, 14, 5054, 5043, 5032, 5021, 5010)
(10086, 14, 5038, 5027, 5016, 5005, 5000, 5001)
(10088, 14, 5032, 5043, 5054)
(10090, 14, 5003, 5009, 5020, 5031)
(10093, 14, 5027, 5016, 5005)
(10095, 14, 5032, 5021, 5010)
(10096, 14, 5052, 5041, 5030, 5024, 5023)
(10103, 14, 5000, 5001, 5002, 5003, 5004, 5010, 5021, 5032, 5043, 5054)
(10104, 14, 5018, 5029, 5040, 5051)
(10107, 15, 5003, 5002, 5007, 5018, 5029, 5040, 5051)
(10112, 15, 5026, 5032, 5043, 5054)
(10118, 15, 5011, 5017, 5028, 5039)
(10125, 15, 5014, 5020, 5031, 5042, 5053)
(10004, 19, 5030, 5019, 5008, 5002, 5001)
(10005, 19, 5028, 5017, 5006)
(10007, 19, 5031, 5020, 5009, 5003, 5002, 5001)
(10010, 19, 5051, 5040, 5029, 5018, 5007, 5001)
(10011, 19, 5029, 5040, 5051)
(10013, 19, 5053, 5042, 5031, 5020, 5015)
(10014, 19, 5025, 5026, 5032, 5043, 5054)
(10015, 19, 5000, 5001, 5002, 5008, 5019, 5030, 5041)
(10016, 19, 5030, 5019, 5008, 5002, 5001, 5000)
(10019, 20, 5024, 5025, 5031, 5042, 5053)
(10022, 20, 5003, 5004, 5010, 5021, 5032, 5043)
(10026, 20, 5039, 5028, 5017, 5011)
(10027, 20, 5032, 5043, 5054)
(10032, 20, 5012, 5013, 5019, 5030, 5041, 5052)
(10039, 20, 5015, 5021, 5032, 5043, 5054)
(10040, 20, 5049, 5038, 5027, 5016, 5005, 5000, 5001, 5002, 5003, 5004)
(10043, 20, 5040, 5029, 5018)
(10046, 20, 5030, 5019, 5008, 5002, 5001, 5000)
(10049, 20, 5003, 5009, 5020, 5031)
(10051, 20, 5013, 5014, 5015, 5021, 5032, 5043)
(10053, 20, 5013, 5014, 5015, 5021, 5032, 5043)
(10055, 20, 5001, 5002, 5008, 5019, 5030)
(10056, 21, 5025, 5031, 5042, 5053)
(10058, 21, 5032, 5021, 5010, 5004, 5003)
(10059, 21, 5003, 5009, 5020, 5031, 5042)
(10063, 21, 5022, 5023, 5029, 5040, 5051)
(10064, 21, 5031, 5020, 5009, 5003, 5002, 5001, 5000)
(10068, 21, 5004, 5003, 5002, 5007, 5018, 5029, 5040, 5051)
(10070, 21, 5025, 5026, 5032, 5043, 5054)
(10071, 21, 5053, 5042, 5031, 5025)
(10075, 21, 5026, 5032, 5043, 5054)
(10078, 21, 5001, 5006, 5017, 5028, 5039, 5050)
(10079, 21, 5024, 5030, 5035, 5040, 5045, 5044, 5038, 5027, 5016, 5005, 5000, 5006, 5012, 5007, 5002, 5008, 5014, 5009, 5004, 5010, 5021, 5032, 5037, 5042, 5047, 5052)
(10089, 21, 5030, 5019, 5008, 5002)
(10092, 21, 5040, 5029, 5018, 5012, 5011)
(10094, 22, 5030, 5019, 5008)
(10097, 22, 5023, 5024, 5025, 5031, 5042, 5053)
(10102, 22, 5028, 5017, 5006)
(10106, 22, 5039, 5028, 5017, 5011)
(10109, 22, 5028, 5039, 5050)
(10113, 22, 5038, 5027, 5016, 5005, 5000, 5001, 5002, 5003)
(10115, 22, 5006, 5017, 5028, 5039)
(10120, 22, 5028, 5017, 5006)
(10121, 22, 5051, 5040, 5029, 5018, 5012, 5011)
(10123, 22, 5053, 5042, 5031, 5020)
(10126, 22, 5009, 5020, 5031, 5042, 5053)
